id	SvenTop20R1	SvenTop20R2	SvenTop20R3	AntoniaTop30R1	AntoniaTop30R2	AntoniaTop30R3
12042312101	0	0	0	0	0	0
12042312102	0	0	0	0	0	0
12042312113	0	0	0	0	0	0
12042312104	0	0	0	0	0	0
12042312105	0	0	0	0	0	0
12042312106	0	0	0	0	0	0
12042312107	0	0	0	0	0	0
12042312108	0	0	0	0	0	0
12042312109	0	0	0	0	0	0
120423121110	0	0	0	0	0	0
120423121111	0	0	0	0	0	0
120423121012	0	0	0	0	0	0
120423121013	0	0	0	0	0	0
120423121014	0	0	0	0	0	0
120423121015	0	0	0	0	0	0
120423122116	0	0	0	0	0	0
120423122117	0	0	0	0	0	0
120423122018	0	0	0	0	0	0
120423122019	0	0	0	0	0	0
120423122020	0	0	0	0	0	0
120423122021	0	0	0	0	0	0
120423122022	0	0	0	0	0	0
120423122123	0	0	0	0	0	0
120423122024	0	0	0	0	0	0
120423122025	0	0	0	0	0	0
120423122026	0	0	0	0	0	0
120423122027	0	0	0	0	0	0
120423122028	0	0	0	0	0	0
120423122029	0	0	0	0	0	0
120423122030	0	0	0	0	0	0
120423133031	0	0	0	0	0	0
120423133032	0	0	0	0	0	0
120423133033	0	0	0	0	0	0
120423133134	0	0	0	0	0	0
120423133135	0	0	0	0	0	0
120423133136	0	0	0	0	0	0
120423133037	0	0	0	0	0	0
120423133038	0	0	0	0	0	0
120423133039	0	0	0	0	0	0
120423133040	0	0	0	0	0	0
120423133041	0	0	0	0	0	0
120423133042	0	0	0	0	0	0
120423133043	0	0	0	0	0	0
120423133044	0	0	0	0	0	0
120423133045	0	0	0	0	0	0
120423134046	0	0	0	0	0	0
120423134047	0	0	0	0	0	0
120423134148	0	0	0	0	0	0
120423134049	0	0	0	0	0	0
120423134050	0	0	0	0	0	0
120423134051	0	0	0	0	0	0
120423134052	0	0	0	0	0	0
120423134053	0	0	0	0	0	0
120423134054	0	0	0	0	0	0
120423134055	0	0	0	0	0	0
120423134056	0	0	0	0	0	0
120423134157	0	0	0	0	0	0
120423134058	0	0	0	0	0	0
120423134159	0	0	0	0	0	0
120423134060	0	0	0	0	0	0
120426125161	0	0	0	0	0	0
120426125062	0	0	0	0	0	0
120426125063	0	0	0	0	0	0
120426125064	0	0	0	0	0	0
120426125065	0	0	0	0	0	0
120426125066	0	0	0	0	0	0
120426125067	0	0	0	0	0	0
120426125068	0	0	0	0	0	0
120426125069	0	0	0	0	0	0
120426125070	0	0	0	0	0	0
120426125171	0	0	0	0	0	0
120426125072	0	0	0	0	0	0
120426125173	0	0	0	0	0	0
120426125074	0	0	0	0	0	0
120426125075	0	0	0	0	0	0
120426126076	0	0	0	0	0	0
120426126077	0	0	0	0	0	0
120426126078	0	0	0	0	0	0
120426126079	0	0	0	0	0	0
120426126080	0	0	0	0	0	0
120426126081	0	0	0	0	0	0
120426126082	0	0	0	0	0	0
120426126183	0	0	0	0	0	0
120426126084	0	0	0	0	0	0
120426126085	0	0	0	0	0	0
120426126186	0	0	0	0	0	0
120426126187	0	0	0	0	0	0
120426126088	0	0	0	0	0	0
120426126089	0	0	0	0	0	0
120426126090	0	0	0	0	0	0
120426137191	0	0	0	0	0	0
120426137092	0	0	0	0	0	0
120426137093	0	0	0	0	0	0
120426137194	0	0	0	0	0	0
120426137095	0	0	0	0	0	0
120426137096	0	0	0	0	0	0
120426137097	0	0	0	0	0	0
120426137098	0	0	0	0	0	0
120426137099	0	0	0	0	0	0
1204261370100	0	0	0	0	0	0
1204261370101	0	0	0	0	0	0
1204261370102	0	0	0	0	0	0
1204261370103	0	0	0	0	0	0
1204261370104	0	0	0	0	0	0
1204261371105	0	0	0	0	0	0
1204261380106	0	0	0	0	0	0
1204261380107	0	0	0	0	0	0
1204261380108	0	0	0	0	0	0
1204261380109	0	0	0	0	0	0
1204261380110	0	0	0	0	0	0
1204261380111	0	0	0	0	0	0
1204261380112	0	0	0	0	0	0
1204261380113	0	0	0	0	0	0
1204261380114	0	0	0	0	0	0
1204261380115	0	0	0	0	0	0
1204261381116	0	0	0	0	0	0
1204261380117	0	0	0	0	0	0
1204261381118	0	0	0	0	0	0
1204261381119	0	0	0	0	0	0
1204261380120	0	0	0	0	0	0
1204271190121	0	0	0	0	0	0
1204271191122	0	0	0	0	0	0
1204271190123	0	0	0	0	0	0
1204271190124	0	0	0	0	0	0
1204271190125	0	0	0	0	0	0
1204271190126	0	0	0	0	0	0
1204271190127	0	0	0	0	0	0
1204271190128	0	0	0	0	0	0
1204271190129	0	0	0	0	0	0
1204271190130	0	0	0	0	0	0
1204271190131	0	0	0	0	0	0
1204271190132	0	0	0	0	0	0
1204271190133	0	0	0	0	0	0
1204271191134	0	0	0	0	0	0
1204271191135	0	0	0	0	0	0
12042714101136	0	0	0	0	0	0
12042714100137	0	0	0	0	0	0
12042714100138	0	0	0	0	0	0
12042714100139	0	0	0	0	0	0
12042714100140	0	0	0	0	0	0
12042714101141	0	0	0	0	0	0
12042714100142	0	0	0	0	0	0
12042714100143	0	0	0	0	0	0
12042714100144	0	0	0	0	0	0
12042714100145	0	0	0	0	0	0
12043011110146	0	0	0	0	0	0
12043011110147	0	0	0	0	0	0
12043011110148	0	0	0	0	0	0
12043011110149	0	0	0	0	0	0
12043011110150	0	0	0	0	0	0
12043011110151	0	0	0	0	0	0
12043011110152	0	0	0	0	0	0
12043011111153	0	0	0	0	0	0
12043011111154	0	0	0	0	0	0
12043011110155	0	0	0	0	0	0
12043011121156	0	0	0	0	0	0
12043011120157	0	0	0	0	0	0
12043011120158	0	0	0	0	0	0
12043011120159	0	0	0	0	0	0
12043011120160	0	0	0	0	0	0
12043011120161	0	0	0	0	0	0
12043011120162	0	0	0	0	0	0
12043011120163	0	0	0	0	0	0
12043011121164	0	0	0	0	0	0
12043011120165	0	0	0	0	0	0
12043011120166	0	0	0	0	0	0
12043011121167	0	0	0	0	0	0
12043011120168	0	0	0	0	0	0
12043011120169	0	0	0	0	0	0
12043011120170	0	0	0	0	0	0
12043014130171	0	0	0	0	0	0
12043014130172	0	0	0	0	0	0
12043014130173	0	0	0	0	0	0
12043014131174	0	0	0	0	0	0
12043014130175	0	0	0	0	0	0
12043014130176	0	0	0	0	0	0
12043014131177	0	0	0	0	0	0
12043014130178	0	0	0	0	0	0
12043014130179	0	0	0	0	0	0
12043014130180	0	0	0	0	0	0
12043014131181	0	0	0	0	0	0
12043014130182	0	0	0	0	0	0
12043014130183	0	0	0	0	0	0
12043014130184	0	0	0	0	0	0
12043014130185	0	0	0	0	0	0
12043014140186	0	0	0	0	0	0
12043014141187	0	0	0	0	0	0
12043014140188	0	0	0	0	0	0
12043014140189	0	0	0	0	0	0
12043014140190	0	0	0	0	0	0
12043014140191	0	0	0	0	0	0
12043014140192	0	0	0	0	0	0
12043014140193	0	0	0	0	0	0
12043014140194	0	0	0	0	0	0
12043014141195	0	0	0	0	0	0
12043014140196	0	0	0	0	0	0
12043014140197	0	0	0	0	0	0
12043014141198	0	0	0	0	0	0
12043014140199	0	0	0	0	0	0
12043014140200	0	0	0	0	0	0
12051001150201	0	0	0	1	1	0
12051001150202	0	0	0	0	0	0
12051001150203	0	0	0	1	1	0
12051001150204	0	0	0	0	0	0
12051001151205	0	0	0	1	1	0
12051001151206	0	0	0	0	0	0
12051001150207	1	0	0	0	0	0
12051001150208	0	0	0	1	0	0
12051001150209	1	0	0	0	1	0
12051001150210	0	1	2	2	0	1
12051001160211	1	0	1	1	1	0
12051001160212	0	0	0	1	0	0
12051001161213	1	0	0	0	0	0
12051001160214	0	0	0	1	0	0
12051001160215	1	1	0	2	1	1
12051001160216	1	0	1	1	1	0
12051001161217	2	1	1	1	0	0
12051001160218	0	0	0	1	0	0
12051001160219	1	0	1	2	0	0
12051001160220	0	0	0	0	0	0
12051002170221	0	0	0	0	0	2
12051002171222	1	0	2	1	1	1
12051002170223	1	0	1	1	0	0
12051002170224	0	0	1	2	0	1
12051002171225	0	0	1	0	0	0
12051002170226	1	0	0	1	0	1
12051002170227	0	2	1	1	1	1
12051002170228	0	0	0	2	0	0
12051002170229	0	0	1	1	0	0
12051002170230	0	0	0	1	0	0
12051401180231	0	0	0	0	0	0
12051401180232	0	0	4	0	0	1
12051401181233	0	0	0	1	0	0
12051401180234	0	0	2	1	0	0
12051401180235	1	0	0	1	0	3
12051401180236	0	0	0	1	0	1
12051401180237	0	0	0	0	0	0
12051401181238	3	0	0	0	0	0
12051401180239	0	0	0	0	0	0
12051401180240	0	0	0	0	0	0
12051401190241	1	0	0	1	0	0
12051401190242	0	0	0	0	0	0
12051401190243	1	1	1	0	0	1
12051401191244	0	0	0	0	0	0
12051401191245	0	0	0	1	0	0
12051401190246	0	0	0	0	0	0
12051401190247	0	0	0	0	0	0
12051401190248	0	0	0	2	0	0
12051401190249	0	0	1	1	0	0
12051401190250	2	0	1	0	0	0
12051401200251	1	0	1	3	0	0
12051401200252	0	0	0	1	1	0
12051401200253	0	0	0	0	0	0
12051401200254	1	0	2	0	0	2
12051401200255	1	0	1	1	0	0
12051401201256	0	0	1	0	1	0
12051401200257	2	0	2	1	1	0
12051401200258	0	0	0	0	0	0
12051401201259	0	0	0	1	0	0
12051401200260	0	0	2	2	1	2
12051402210261	0	0	0	1	0	0
12051402210262	0	0	0	1	0	0
12051402210263	0	0	0	0	0	0
12051402210264	1	0	0	0	1	0
12051402210265	0	0	0	0	0	0
12051402210266	0	0	0	1	0	0
12051402211267	1	1	0	1	1	1
12051402211268	0	0	0	0	0	0
12051402210269	0	0	0	1	1	1
12051402210270	0	0	0	0	0	0
12051502221271	1	0	0	0	1	0
12051502220272	0	0	0	1	0	0
12051502220273	2	0	1	1	0	0
12051502220274	0	0	0	1	0	2
12051502220275	0	0	0	0	0	0
12051502220276	0	0	0	0	0	0
12051502220277	0	0	0	0	0	0
12051502220278	0	0	0	1	0	0
12051502220279	0	0	0	0	0	0
12051502221280	0	0	0	1	0	0
12051502230281	1	0	0	0	0	1
12051502230282	0	0	0	1	0	0
12051502230283	2	0	1	0	0	1
12051502230284	1	0	0	0	0	0
12051502231285	0	0	0	0	0	0
12051502230286	0	0	0	1	0	0
12051502230287	1	0	0	1	1	1
12051502230288	1	0	0	1	0	0
12051502231289	1	0	0	1	0	0
12051502230290	0	0	0	1	0	0
12051503240291	0	0	1	0	0	0
12051503240292	0	0	0	0	0	0
12051503240293	0	0	0	1	0	0
12051503240294	1	0	0	1	0	2
12051503240295	0	1	0	0	0	0
12051503240296	2	0	0	1	0	0
12051503240297	0	0	0	1	0	1
12051503241298	0	0	0	2	0	0
12051503241299	0	0	0	0	0	0
12051503240300	0	0	0	1	0	0
12051503250301	0	0	0	0	0	0
12051503250302	1	0	2	1	0	3
12051503250303	1	0	0	1	0	0
12051503250304	0	0	0	0	0	0
12051503250305	0	0	0	0	0	0
12051503251306	1	0	0	1	1	2
12051503250307	0	0	0	1	0	0
12051503251308	1	0	0	0	0	0
12051503250309	1	0	0	0	0	0
12051503250310	0	0	0	1	0	0
12052103260311	0	0	0	1	0	0
12052103260312	0	0	0	0	0	0
12052103260313	0	0	1	0	0	0
12052103261314	0	0	0	1	0	0
12052103260315	1	0	0	0	0	1
12052103260316	0	0	0	0	0	0
12052103260317	0	1	1	1	1	2
12052103261318	0	0	1	1	0	2
12052103260319	1	0	0	2	1	0
12052103260320	0	1	0	1	2	0
12052104270321	0	0	0	1	0	0
12052104271322	1	0	0	0	0	0
12052104270323	0	0	0	0	0	1
12052104270324	0	0	1	2	0	1
12052104270325	0	0	0	1	0	0
12052104270326	0	0	1	1	0	1
12052104270327	1	0	0	0	0	0
12052104271328	0	0	1	0	2	0
12052104270329	1	0	1	1	0	0
12052104270330	0	0	0	0	0	1
12052104280331	0	0	0	0	0	0
12052104281332	0	0	0	1	0	0
12052104280333	0	0	1	1	0	1
12052104280334	0	0	0	2	0	1
12052104280335	1	0	0	1	0	0
12052104280336	1	0	0	1	0	1
12052104281337	0	1	1	0	1	1
12052104280338	1	0	0	1	0	0
12052104280339	0	0	0	0	0	0
12052104280340	1	0	1	1	0	0
12052104290341	0	0	0	0	0	0
12052104290342	0	0	1	1	0	1
12052104290343	0	0	1	1	1	0
12052104291344	0	0	0	1	0	0
12052104291345	0	0	2	1	1	1
12052104290346	0	0	0	1	0	0
12052104290347	2	0	1	1	0	0
12052104290348	2	1	1	1	1	3
12052104290349	2	0	0	1	0	0
12052104290350	1	0	1	0	0	0
12052302300351	0	0	0	0	0	0
12052302300352	0	0	0	1	0	0
12052302301353	1	0	0	0	0	0
12052302300354	0	0	0	0	0	0
12052302300355	1	0	0	0	0	0
12052302300356	1	0	1	1	0	0
12052302301357	0	0	0	1	0	0
12052302300358	1	0	0	1	0	0
12052302300359	1	0	1	1	1	0
12052302300360	0	0	0	1	0	0
12052302311361	2	0	0	1	0	0
12052302310362	0	0	1	1	0	1
12052302310363	1	0	1	1	0	0
12052302311364	0	0	0	1	0	0
12052302310365	0	0	1	1	0	0
12052302310366	1	0	0	0	0	0
12052302310367	0	0	0	1	0	1
12052302310368	0	0	1	1	0	0
12052302310369	0	1	0	1	2	0
12052302310370	0	0	0	1	0	1
12052303321371	1	0	1	2	0	0
12052303320372	1	1	0	1	0	0
12052303320373	0	0	0	1	0	1
12052303320374	0	0	0	1	0	0
12052303320375	2	0	0	1	0	3
12052303320376	0	0	0	0	0	0
12052303320377	0	0	0	0	0	0
12052303320378	2	0	0	1	0	0
12052303321379	0	0	1	2	0	3
12052303320380	0	0	0	1	0	1
12052304331381	0	0	1	0	0	0
12052304330382	1	0	0	0	0	1
12052304330383	0	0	0	1	0	0
12052304330384	0	2	1	2	1	1
12052304330385	0	0	1	1	1	1
12052304330386	0	0	0	1	0	1
12052304330387	0	0	0	0	0	0
12052304330388	1	0	0	1	1	0
12052304330389	1	0	1	0	0	1
12052304331390	1	1	1	0	1	2
12060401340391	1	0	0	1	0	1
12060401340392	0	0	0	0	0	0
12060401341393	0	0	0	0	0	0
12060401340394	0	0	0	1	0	0
12060401340395	0	0	0	0	0	1
12060401340396	0	1	0	1	0	0
12060401341397	0	0	0	0	0	0
12060401340398	0	0	1	1	0	1
12060401340399	1	0	0	0	0	0
12060401340400	0	0	0	1	0	2
12060402350401	0	0	0	1	0	0
12060402350402	0	0	0	1	1	0
12060402351403	0	0	0	2	1	0
12060402351404	0	0	0	1	0	1
12060402350405	0	0	1	1	0	0
12060402350406	0	0	0	2	0	0
12060402350407	1	0	1	1	0	0
12060402350408	0	0	0	1	1	0
12060402350409	0	0	0	1	0	1
12060402350410	0	1	2	1	0	0
12060403361411	0	0	0	0	0	0
12060403361412	2	0	0	0	0	0
12060403360413	0	0	1	1	0	0
12060403360414	1	0	0	1	0	1
12060403360415	0	0	0	0	1	0
12060403360416	0	0	0	0	0	0
12060403360417	0	0	0	1	0	0
12060403360418	0	1	0	0	1	0
12060403360419	1	1	0	1	2	0
12060403360420	0	0	0	1	1	0
12060404370421	0	0	0	0	0	0
12060404370422	1	0	0	1	1	0
12060404371423	0	0	0	1	0	0
12060404370424	0	0	1	1	0	0
12060404370425	1	0	0	1	0	0
12060404371426	2	0	0	0	1	0
12060404370427	1	0	0	1	1	0
12060404370428	0	0	0	0	0	1
12060404370429	0	1	1	0	0	1
12060404370430	0	0	1	1	2	3
12060511380431	0	0	0	0	0	0
12060511380432	0	0	0	0	0	0
12060511380433	0	0	0	0	0	0
12060511381434	0	0	0	0	0	0
12060511380435	0	0	0	0	0	0
12060511380436	0	0	0	0	0	0
12060511380437	0	0	0	0	0	0
12060511380438	0	0	0	0	0	0
12060511381439	0	0	0	0	0	0
12060511380440	0	0	0	0	0	0
12061202391441	0	0	1	1	0	1
12061202390442	1	0	1	0	1	1
12061202390443	0	0	0	0	0	0
12061202390444	1	0	0	1	1	0
12061202390445	1	0	0	1	0	0
12061202400446	0	0	0	0	0	1
12061202401447	1	0	1	1	0	0
12061202400448	0	2	0	3	2	2
12061202401449	0	0	0	1	0	0
12061202400450	0	0	0	0	0	1
12061202400451	0	0	0	0	0	0
12061202400452	0	0	1	1	0	0
12061202400453	0	0	1	0	0	0
12061202400454	0	0	2	1	0	0
12061202400455	1	2	2	1	2	1
12061402410456	1	0	0	0	0	0
12061402411457	0	0	0	1	0	1
12061402410458	0	0	1	1	0	0
12061402410459	1	0	0	1	0	0
12061402410460	0	1	2	1	1	0
12061402410461	0	0	0	0	0	0
12061402410462	0	0	1	1	0	0
12061402410463	0	0	0	0	0	0
12061402411464	0	0	0	1	0	0
12061402410465	2	0	0	4	0	0
12061402421466	1	0	0	1	0	2
12061402421467	1	0	0	1	0	1
12061402420468	0	0	0	1	0	0
12061402420469	0	0	0	0	0	1
12061402420470	0	0	0	2	0	0
12061402420471	0	0	0	1	0	0
12061402420472	0	0	0	1	0	0
12061402420473	0	0	0	0	0	0
12061402420474	1	0	0	2	0	1
12061402420475	0	0	0	1	1	0
12061503431476	1	0	1	0	1	0
12061503430477	0	0	1	0	0	0
12061503430478	0	0	0	0	1	0
12061503430479	2	0	0	0	0	0
12061503430480	0	0	0	1	0	0
12061503430481	1	0	1	2	1	2
12061503431482	0	0	0	1	0	0
12061503430483	0	0	1	1	0	1
12061503430484	1	0	1	2	1	2
12061503430485	0	1	0	1	0	1
12061512441486	0	0	0	0	0	0
12061512440487	0	0	0	0	0	0
12061512440488	0	0	0	0	0	0
12061512441489	0	0	0	0	0	0
12061512440490	0	0	0	0	0	0
12061512440491	0	0	0	0	0	0
12061512440492	0	0	0	0	0	0
12061512440493	0	0	0	0	0	0
12061512440494	0	0	0	0	0	0
12061512441495	0	0	0	0	0	0
12061512440496	0	0	0	0	0	0
12061512440497	0	0	0	0	0	0
12061512440498	0	0	0	0	0	0
12061512440499	0	0	0	0	0	0
12061512440500	0	0	0	0	0	0
12061512441501	0	0	0	0	0	0
12061512440502	0	0	0	0	0	0
12061512440503	0	0	0	0	0	0
12061512440504	0	0	0	0	0	0
12061512440505	0	0	0	0	0	0
12061512450506	0	0	0	0	0	0
12061512450507	0	0	0	0	0	0
12061512450508	0	0	0	0	0	0
12061512450509	0	0	0	0	0	0
12061512450510	0	0	0	0	0	0
12061512451511	0	0	0	0	0	0
12061512451512	0	0	0	0	0	0
12061512450513	0	0	0	0	0	0
12061512450514	0	0	0	0	0	0
12061512450515	0	0	0	0	0	0
12061512450516	0	0	0	0	0	0
12061512450517	0	0	0	0	0	0
12061512450518	0	0	0	0	0	0
12061512450519	0	0	0	0	0	0
12061512450520	0	0	0	0	0	0
12061512450521	0	0	0	0	0	0
12061512451522	0	0	0	0	0	0
12061512451523	0	0	0	0	0	0
12061512450524	0	0	0	0	0	0
12061512450525	0	0	0	0	0	0
12061501460526	0	0	0	1	0	0
12061501460527	0	0	0	1	0	0
12061501461528	1	0	1	0	0	0
12061501460529	1	0	1	1	0	1
12061501460530	0	0	1	1	1	4
12061501460531	2	0	0	1	0	0
12061501460532	0	0	0	1	0	1
12061501461533	1	0	0	1	0	0
12061501460534	1	0	1	2	0	1
12061501460535	0	0	0	1	0	1
12061804470536	0	0	0	1	1	0
12061804471537	0	0	0	1	0	0
12061804470538	1	0	0	1	1	1
12061804470539	0	0	0	0	0	0
12061804470540	0	0	0	0	0	2
12061804470541	0	0	1	1	0	0
12061804470542	0	0	0	1	0	0
12061804470543	0	0	0	0	0	0
12061804470544	0	0	0	1	1	0
12061804471545	1	0	1	0	0	0
12061804480546	0	0	0	1	1	1
12061804480547	0	0	1	1	1	0
12061804480548	0	0	1	1	1	0
12061804480549	1	1	0	1	0	0
12061804480550	1	0	0	0	0	1
12061804481551	1	0	0	1	1	1
12061804481552	1	1	1	1	0	0
12061804480553	1	0	0	2	0	0
12061804480554	0	0	2	1	0	2
12061804480555	1	0	1	4	0	0
12061814491556	0	0	0	0	0	0
12061814490557	0	0	0	0	0	0
12061814490558	0	0	0	0	0	0
12061814491559	0	0	0	0	0	0
12061814490560	0	0	0	0	0	0
12061814490561	0	0	0	0	0	0
12061814490562	0	0	0	0	0	0
12061814490563	0	0	0	0	0	0
12061814490564	0	0	0	0	0	0
12061814490565	0	0	0	0	0	0
12061814491566	0	0	0	0	0	0
12061814490567	0	0	0	0	0	0
12061814490568	0	0	0	0	0	0
12061814490569	0	0	0	0	0	0
12061814490570	0	0	0	0	0	0
12061804500571	0	0	1	0	0	0
12061804500572	0	0	1	1	0	0
12061804500573	0	0	0	0	0	0
12061804500574	1	0	0	0	0	0
12061804500575	0	0	2	1	0	0
12061804501576	1	0	0	2	0	0
12061804500577	0	0	0	0	0	0
12061804501578	0	0	1	1	1	1
12061804500579	0	0	0	1	0	0
12061804500580	0	0	0	2	0	0
12061904511581	1	0	0	1	1	1
12061904510582	0	0	0	0	0	0
12061904510583	0	0	1	1	0	0
12061904510584	0	0	0	0	0	0
12061904510585	0	0	0	1	1	2
12061904511586	2	0	0	1	0	0
12061904510587	0	0	0	0	0	1
12061904510588	0	0	0	1	0	0
12061904510589	0	0	0	0	0	0
12061904510590	0	0	0	0	0	0
12062204520591	0	1	1	1	1	0
12062204520592	0	0	1	1	0	0
12062204520593	1	0	0	2	0	0
12062204521594	0	0	0	0	0	0
12062204520595	0	0	0	1	0	0
12062204521596	1	0	0	1	0	0
12062204520597	0	0	0	0	0	0
12062204520598	1	0	1	1	0	1
12062204520599	1	0	0	1	1	0
12062204520600	0	0	0	1	0	0
12062202531601	0	0	0	0	0	0
12062202530602	0	0	0	0	1	0
12062202530603	0	1	0	1	0	1
12062202530604	0	1	2	2	1	0
12062202530605	0	0	0	1	0	0
12062502540606	1	0	0	1	0	1
12062502540607	0	0	0	1	1	0
12062502540608	0	0	0	1	0	1
12062502540609	1	0	0	1	0	1
12062502541610	0	0	0	0	0	0
12062502540611	0	0	1	1	0	0
12062502541612	1	0	0	1	0	1
12062502540613	0	0	0	1	0	0
12062502540614	0	0	1	1	0	1
12062502540615	0	0	0	0	0	1
12062503550616	0	0	0	1	0	1
12062503551617	1	0	1	1	0	0
12062503550618	0	0	1	1	0	0
12062503550619	0	0	0	0	0	1
12062503550620	1	0	2	1	0	0
12071604560621	0	0	0	0	0	0
12071604560622	0	0	1	1	1	0
12071604560623	1	0	0	0	0	0
12071604561624	0	1	1	1	1	0
12071604560625	0	0	0	1	1	1
12071604560626	0	0	0	0	0	0
12071604561627	0	0	0	0	0	0
12071604560628	0	0	0	1	0	1
12071604560629	0	0	0	1	1	1
12071604560630	1	1	0	1	1	0
12071613570631	0	0	0	0	0	0
12071613571632	0	0	0	0	0	0
12071613570633	0	0	0	0	0	0
12071613570634	0	0	0	0	0	0
12071613570635	0	0	0	0	0	0
12071613570636	0	0	0	0	0	0
12071613571637	0	0	0	0	0	0
12071613570638	0	0	0	0	0	0
12071613570639	0	0	0	0	0	0
12071613571640	0	0	0	0	0	0
12071613570641	0	0	0	0	0	0
12071613570642	0	0	0	0	0	0
12071613570643	0	0	0	0	0	0
12071613570644	0	0	0	0	0	0
12071613570645	0	0	0	0	0	0
12080614580646	0	0	0	0	0	0
12080614581647	0	0	0	0	0	0
12080614580648	0	0	0	0	0	0
12080614580649	0	0	0	0	0	0
12080614580650	0	0	0	0	0	0
12080614580651	0	0	0	0	0	0
12080614581652	0	0	0	0	0	0
12080614581653	0	0	0	0	0	0
12080614580654	0	0	0	0	0	0
12080614580655	0	0	0	0	0	0
12080614580656	0	0	0	0	0	0
12080614580657	0	0	0	0	0	0
12080614580658	0	0	0	0	0	0
12080614580659	0	0	0	0	0	0
12080614580660	0	0	0	0	0	0
12080604590661	0	0	1	1	0	0
12080604591662	0	0	0	1	0	0
12080604590663	0	0	0	1	1	0
12080604590664	1	1	0	1	0	1
12080604590665	1	0	0	2	1	2
12080604590666	0	0	0	0	0	0
12080604590667	1	0	0	1	0	0
12080604590668	2	0	1	1	1	2
12080604590669	1	0	0	1	0	1
12080604591670	0	0	0	1	0	0
12080604590671	0	0	0	0	0	0
12080604590672	1	0	0	0	0	0
12080604591673	0	0	0	0	0	0
12080604590674	0	0	0	0	0	0
12080604590675	0	0	0	1	0	0
12080613600676	0	0	0	0	0	0
12080613600677	0	0	0	0	0	0
12080613600678	0	0	0	0	0	0
12080613600679	0	0	0	0	0	0
12080613601680	0	0	0	0	0	0
12080613600681	0	0	0	0	0	0
12080613601682	0	0	0	0	0	0
12080613600683	0	0	0	0	0	0
12080613600684	0	0	0	0	0	0
12080613601685	0	0	0	0	0	0
12080613600686	0	0	0	0	0	0
12080613600687	0	0	0	0	0	0
12080613600688	0	0	0	0	0	0
12080613600689	0	0	0	0	0	0
12080613600690	0	0	0	0	0	0
12080611611691	0	0	0	0	0	0
12080611610692	0	0	0	0	0	0
12080611610693	0	0	0	0	0	0
12080611610694	0	0	0	0	0	0
12080611610695	0	0	0	0	0	0
12082314620696	0	0	0	0	0	0
12082314620697	0	0	0	0	0	0
12082314620698	0	0	0	0	0	0
12082314620699	0	0	0	0	0	0
12082314620700	0	0	0	0	0	0
12082314621701	0	0	0	0	0	0
12082314621702	0	0	0	0	0	0
12082314620703	0	0	0	0	0	0
12082314620704	0	0	0	0	0	0
12082314620705	0	0	0	0	0	0
12082311630706	0	0	0	0	0	0
12082311630707	0	0	0	0	0	0
12082311631708	0	0	0	0	0	0
12082311630709	0	0	0	0	0	0
12082311631710	0	0	0	0	0	0
12082311630711	0	0	0	0	0	0
12082311630712	0	0	0	0	0	0
12082311630713	0	0	0	0	0	0
12082311630714	0	0	0	0	0	0
12082311630715	0	0	0	0	0	0
12082314640716	0	0	0	0	0	0
12082314640717	0	0	0	0	0	0
12082314641718	0	0	0	0	0	0
12082314640719	0	0	0	0	0	0
12082314640720	0	0	0	0	0	0
12082314640721	0	0	0	0	0	0
12082314640722	0	0	0	0	0	0
12082314641723	0	0	0	0	0	0
12082314640724	0	0	0	0	0	0
12082314640725	0	0	0	0	0	0
12082313650726	0	0	0	0	0	0
12082313650727	0	0	0	0	0	0
12082313650728	0	0	0	0	0	0
12082313651729	0	0	0	0	0	0
12082313650730	0	0	0	0	0	0
12092003661731	1	0	1	2	0	1
12092003660732	1	0	0	0	1	0
12092003660733	1	0	0	0	0	0
12092003660734	1	0	1	1	0	1
12092003660735	1	0	0	2	1	0
12092003660736	1	0	0	0	0	1
12092003660737	0	0	0	0	0	0
12092003660738	0	0	0	0	0	0
12092003661739	0	0	1	0	0	1
12092003660740	0	0	0	1	0	0
12092014670741	0	0	0	0	0	0
12092014670742	0	0	0	0	0	0
12092014670743	0	0	0	0	0	0
12092014671744	0	0	0	0	0	0
12092014670745	0	0	0	0	0	0
12092014670746	0	0	0	0	0	0
12092014671747	0	0	0	0	0	0
12092014670748	0	0	0	0	0	0
12092014670749	0	0	0	0	0	0
12092014670750	0	0	0	0	0	0
12092014670751	0	0	0	0	0	0
12092014670752	0	0	0	0	0	0
12092014670753	0	0	0	0	0	0
12092014671754	0	0	0	0	0	0
12092014670755	0	0	0	0	0	0
12092003680756	1	0	0	1	0	1
12092003681757	0	0	0	2	0	1
12092003681758	0	0	0	1	0	0
12092003680759	0	0	0	1	0	0
12092003681760	0	0	0	1	0	0
12092003680761	0	1	0	0	0	0
12092003680762	0	0	0	0	0	0
12092003680763	0	0	1	1	1	1
12092003680764	0	0	0	0	0	0
12092003680765	0	0	0	0	2	2
12092003680766	0	0	0	1	0	0
12092003680767	1	0	0	1	0	0
12092003680768	2	1	0	1	2	0
12092003680769	0	0	1	1	0	0
12092003680770	1	1	1	1	2	0
12092014691771	0	0	0	0	0	0
12092014690772	0	0	0	0	0	0
12092014690773	0	0	0	0	0	0
12092014691774	0	0	0	0	0	0
12092014690775	0	0	0	0	0	0
12092014690776	0	0	0	0	0	0
12092014690777	0	0	0	0	0	0
12092014690778	0	0	0	0	0	0
12092014690779	0	0	0	0	0	0
12092014690780	0	0	0	0	0	0
12092014691781	0	0	0	0	0	0
12092014690782	0	0	0	0	0	0
12092014690783	0	0	0	0	0	0
12092014690784	0	0	0	0	0	0
12092014690785	0	0	0	0	0	0
12092003700786	1	0	0	1	0	0
12092003700787	3	0	1	1	0	1
12092003700788	1	0	0	0	0	0
12092003701789	1	0	1	1	0	1
12092003700790	1	0	1	1	0	0
12092003701791	0	0	0	0	0	0
12092003700792	0	1	0	1	1	0
12092003700793	0	0	0	0	0	0
12092003701794	1	0	0	1	0	0
12092003700795	0	0	1	1	1	1
12092003700796	0	0	0	0	0	0
12092003700797	0	0	1	0	0	0
12092003700798	0	0	1	1	1	1
12092003700799	1	0	2	1	2	2
12092003700800	0	0	1	1	0	0
12092404711801	1	0	2	1	0	0
12092404710802	0	0	1	1	0	0
12092404710803	1	0	0	1	0	1
12092404710804	0	0	0	0	0	0
12092404710805	0	0	2	1	0	1
12092402721806	0	0	0	1	1	0
12092402720807	0	0	0	0	0	1
12092402720808	0	0	1	0	0	1
12092402720809	0	0	0	1	0	0
12092402720810	0	0	0	0	0	0
12092402720811	0	0	0	2	1	0
12092402720812	1	0	1	1	1	1
12092402721813	0	0	0	1	0	0
12092402720814	1	1	0	1	1	1
12092402720815	0	0	0	0	0	0
12092411730816	0	0	0	0	0	0
12092411730817	0	0	0	0	0	0
12092411731818	0	0	0	0	0	0
12092411731819	0	0	0	0	0	0
12092411730820	0	0	0	0	0	0
12092411730821	0	0	0	0	0	0
12092411730822	0	0	0	0	0	0
12092411730823	0	0	0	0	0	0
12092411730824	0	0	0	0	0	0
12092411730825	0	0	0	0	0	0
12092504741826	1	1	1	2	1	0
12092504740827	1	0	1	0	0	1
12092504740828	1	0	0	1	1	1
12092504741829	1	0	0	1	0	1
12092504740830	1	0	0	0	1	1
12092504740831	0	0	0	1	0	1
12092504740832	0	0	0	1	1	0
12092504740833	0	1	3	1	1	1
12092504740834	0	0	1	1	0	0
12092504740835	0	0	0	0	0	0
12092502750836	1	0	0	1	0	0
12092502750837	0	0	0	1	0	0
12092502750838	0	0	0	1	1	0
12092502750839	0	0	1	0	0	0
12092502751840	0	0	0	1	0	1
12100423761841	0	0	0	0	1	0
12100423760842	0	0	0	0	0	0
12100423760843	0	0	0	0	0	0
12100423760844	0	0	0	0	0	0
12100423761845	0	0	0	0	1	0
12100423760846	0	0	0	0	0	0
12100423760847	0	0	0	0	0	0
12100423760848	0	0	0	0	1	0
12100423760849	0	0	0	0	0	0
12100423760850	0	0	0	0	1	0
12100433771851	1	0	0	1	0	0
12100433770852	0	0	0	1	0	0
12100433770853	0	0	1	1	0	1
12100433770854	0	0	1	0	0	0
12100433771855	1	0	1	1	0	0
12100433770856	2	0	0	0	0	1
12100433770857	0	0	0	1	0	0
12100433770858	0	0	0	0	0	0
12100433770859	1	0	0	2	0	0
12100433770860	0	0	0	0	0	0
12100433780861	1	0	3	3	0	1
12100433781862	0	0	0	0	0	0
12100433780863	0	0	1	0	0	1
12100433780864	0	0	0	0	0	0
12100433780865	0	0	0	0	0	0
12100833790866	1	0	0	1	0	1
12100833790867	0	0	0	1	0	1
12100833791868	0	0	0	1	0	0
12100833790869	0	0	1	0	0	3
12100833790870	0	0	1	0	0	1
12100933800871	1	0	1	1	0	1
12100933800872	0	0	1	2	0	2
12100933800873	0	0	1	1	0	0
12100933800874	1	0	0	0	0	1
12100933801875	1	0	3	2	0	1
12100923810876	0	0	0	0	1	0
12100923810877	0	0	0	0	1	0
12100923810878	0	0	0	0	2	0
12100923811879	0	0	0	0	0	0
12100923810880	0	0	0	0	1	0
12100923820881	0	0	0	0	0	0
12100923820882	0	0	0	0	0	0
12100923821883	0	0	0	0	0	0
12100923821884	0	0	0	0	0	0
12100923820885	0	0	0	0	0	0
12100923820886	0	0	0	0	0	0
12100923820887	0	0	0	0	0	0
12100923820888	0	0	0	0	1	0
12100923820889	0	0	0	0	1	0
12100923820890	0	0	0	0	0	0
12101633830891	0	0	0	1	0	0
12101633830892	0	0	0	0	0	0
12101633830893	0	0	0	1	0	0
12101633831894	0	0	0	0	0	0
12101633831895	0	0	0	0	0	0
12101633830896	0	0	0	0	0	0
12101633830897	0	0	0	1	0	0
12101633830898	0	0	0	0	0	0
12101633830899	1	0	1	1	0	2
12101633830900	0	0	0	0	0	0
12101633840901	0	0	0	0	0	0
12101633840902	0	0	1	2	0	1
12101633841903	1	0	0	2	0	0
12101633840904	0	0	1	1	0	2
12101633840905	0	0	0	0	0	0
12101623851906	0	0	0	0	0	0
12101623850907	0	0	0	0	0	0
12101623850908	0	0	0	0	0	0
12101623850909	0	0	0	0	0	0
12101623851910	0	1	0	0	1	0
12101623850911	0	0	0	0	1	0
12101623850912	0	0	0	0	1	0
12101623850913	0	0	0	0	0	0
12101623850914	0	0	0	0	0	0
12101623850915	0	0	0	0	1	0
12101623850916	0	0	0	0	0	0
12101623850917	0	1	0	0	2	0
12101623850918	0	0	0	0	0	0
12101623850919	0	0	0	0	1	0
12101623851920	0	0	0	0	1	0
12101623861921	0	0	0	0	0	0
12101623860922	0	0	0	0	0	0
12101623860923	0	0	0	0	0	0
12101623860924	0	0	0	0	0	0
12101623860925	0	0	0	0	1	0
12101623860926	0	0	0	0	0	0
12101623860927	0	0	0	0	0	0
12101623861928	0	0	0	0	0	0
12101623860929	0	0	0	0	1	0
12101623860930	0	1	0	0	1	0
12102323871931	0	0	0	0	0	0
12102323871932	0	0	0	0	0	0
12102323870933	0	0	0	0	1	0
12102323870934	0	0	0	0	1	0
12102323870935	0	0	0	0	0	0
12102323870936	0	0	0	0	0	0
12102323870937	0	0	0	0	0	0
12102323870938	0	0	0	0	0	0
12102323870939	0	0	0	0	0	0
12102323870940	0	0	0	0	0	0
12102323880941	0	0	0	0	1	0
12102323881942	0	0	0	0	0	0
12102323880943	0	0	0	0	0	0
12102323880944	0	0	0	0	0	0
12102323880945	0	2	0	0	0	0
12102333890946	1	0	1	0	0	0
12102333890947	0	0	0	1	0	0
12102333891948	0	0	0	1	0	0
12102333891949	1	0	2	1	0	0
12102333890950	0	0	0	1	0	0
12102333890951	0	0	0	1	0	0
12102333890952	0	0	0	1	0	0
12102333890953	1	0	0	1	0	1
12102333890954	0	0	0	1	0	0
12102333890955	1	0	1	1	0	1
12102323901956	0	0	0	0	0	0
12102323900957	0	0	0	0	1	0
12102323900958	0	0	0	0	1	0
12102323900959	0	1	0	0	0	0
12102323900960	0	0	0	0	0	0
12111423911961	0	0	0	0	1	0
12111423910962	0	0	0	0	0	0
12111423910963	0	0	0	0	0	0
12111423910964	0	0	0	0	1	0
12111423910965	0	0	0	0	0	0
12111423910966	0	0	0	0	0	0
12111423910967	0	0	0	0	0	0
12111423910968	0	0	0	0	0	0
12111423911969	0	0	0	0	0	0
12111423910970	0	0	0	0	0	0
12111423920971	0	0	0	0	1	0
12111423920972	0	0	0	0	1	0
12111423920973	0	1	0	0	1	0
12111423921974	0	0	0	0	0	0
12111423921975	0	2	0	0	0	0
12111423920976	0	1	0	0	0	0
12111423920977	0	0	0	0	0	0
12111423920978	0	0	0	0	0	0
12111423920979	0	0	0	0	1	0
12111423920980	0	0	0	0	0	0
12111423930981	0	0	0	0	0	0
12111423930982	0	0	0	0	0	0
12111423930983	0	0	0	0	0	0
12111423931984	0	0	0	0	0	0
12111423930985	0	0	0	0	0	0
12111423930986	0	1	0	0	0	0
12111423930987	0	0	0	0	0	0
12111423930988	0	1	0	0	3	0
12111423930989	0	0	0	0	0	0
12111423931990	0	0	0	0	0	0
12111423941991	0	1	0	0	1	0
12111423940992	0	0	0	0	0	0
12111423940993	0	0	0	0	1	0
12111423940994	0	0	0	0	0	0
12111423940995	0	0	0	0	0	0
12111423940996	0	0	0	0	0	0
12111423941997	0	0	0	0	1	0
12111423940998	0	0	0	0	0	0
12111423940999	0	0	0	0	0	0
121114239401000	0	0	0	0	0	0
121115339501001	0	0	0	1	0	0
121115339501002	0	0	0	0	0	0
121115339501003	1	0	0	2	0	0
121115339511004	0	0	0	0	0	0
121115339511005	1	0	0	0	0	0
121115339501006	1	0	0	1	0	0
121115339501007	1	0	0	0	0	1
121115339501008	0	0	0	1	0	0
121115339501009	0	0	0	0	0	0
121115339501010	0	0	0	1	0	0
121115339601011	0	0	0	1	0	0
121115339601012	1	0	0	1	0	0
121115339601013	1	0	0	0	0	0
121115339601014	0	0	0	0	0	0
121115339601015	1	0	0	1	0	1
121115339601016	0	0	0	1	0	0
121115339601017	0	0	1	1	0	0
121115339601018	0	0	0	1	0	0
121115339611019	0	0	1	1	0	0
121115339611020	0	0	0	0	0	0
121115239701021	0	0	0	0	0	0
121115239701022	0	0	0	0	0	0
121115239701023	0	0	0	0	0	0
121115239711024	0	0	0	0	1	0
121115239701025	0	0	0	0	0	0
121115239701026	0	0	0	0	0	0
121115239701027	0	0	0	0	0	0
121115239701028	0	0	0	0	0	0
121115239711029	0	0	0	0	1	0
121115239701030	0	0	0	0	0	0
121115339801031	2	0	0	1	0	0
121115339801032	0	0	1	1	0	0
121115339801033	0	0	0	1	0	1
121115339801034	0	0	0	1	0	0
121115339811035	1	0	0	2	0	1
121115339801036	0	0	0	1	0	0
121115339801037	0	0	1	1	0	0
121115339801038	0	0	0	1	0	0
121115339811039	0	0	0	0	0	0
121115339801040	0	0	0	1	0	0
121206339901041	0	0	0	0	0	0
121206339901042	0	0	1	1	0	0
121206339911043	0	0	0	0	0	0
121206339901044	2	0	0	2	0	2
121206339901045	0	0	0	0	0	1
121206339901046	0	0	1	0	0	0
121206339911047	0	0	1	0	0	1
121206339901048	1	0	1	1	0	0
121206339901049	0	0	0	0	0	0
121206339901050	0	0	0	0	0	0
1212063310001050	0	0	1	1	0	1
1212063310001050	0	0	1	1	0	1
1212063310011050	0	0	1	0	0	0
1212063310001050	0	0	1	1	0	1
1212063310001050	0	0	1	1	0	1
1212063310101050	0	0	0	1	0	0
1212063310111050	0	0	2	1	0	0
1212063310101050	0	0	0	1	0	0
1212063310101050	0	0	0	1	0	0
1212063310101060	0	0	0	0	0	1
1308154210201060	0	0	0	0	0	0
1308154210211060	0	0	0	0	0	0
1308154210201060	0	0	0	0	0	0
1308154210201060	0	0	0	0	0	0
1308154210201060	0	0	0	0	0	0
1308154210301060	1	0	0	2	1	0
1308154210301060	1	0	0	2	1	0
1308154210301060	1	0	0	2	1	0
1308154210301060	1	0	0	2	1	0
1308154210301070	1	0	1	0	0	1
1308154210301070	1	0	1	0	0	1
1308154210311070	0	0	0	0	0	2
1308154210301070	1	0	1	0	0	1
1308154210311070	0	0	0	0	0	2
1308154210301070	1	0	1	0	0	1
1308154210401070	0	0	0	1	1	0
1308154210411070	1	0	0	2	0	1
1308154210401070	0	0	0	1	1	0
1308154210401070	0	0	0	1	1	0
1308154210401080	0	0	0	1	1	1
1308164210501080	1	0	0	0	0	0
1308164210511080	0	0	0	1	0	1
1308164210501080	1	0	0	0	0	0
1308164210501080	1	0	0	0	0	0
1308164210501080	1	0	0	0	0	0
1308164210501080	1	0	0	0	0	0
1308164210501080	1	0	0	0	0	0
1308164210501080	1	0	0	0	0	0
1308164210501080	1	0	0	0	0	0
1308164210511090	0	0	0	1	0	0
1308164210601090	0	0	0	1	0	0
1308164210601090	0	0	0	1	0	0
1308164210601090	0	0	0	1	0	0
1308164210601090	0	0	0	1	0	0
1308164210611090	0	0	2	1	0	0
1308164210611090	0	0	2	1	0	0
1308164210601090	0	0	0	1	0	0
1308164210601090	0	0	0	1	0	0
1308164210601090	0	0	0	1	0	0
1308164210601100	1	0	0	1	0	0
1308164210701100	0	0	0	1	0	0
1308164210701100	0	0	0	1	0	0
1308164210701100	0	0	0	1	0	0
1308164210711100	0	0	0	1	1	0
1308164210701100	0	0	0	1	0	0
1309114210811100	0	0	1	0	0	0
1309114210801100	1	0	0	0	0	0
1309114210801100	1	0	0	0	0	0
1309114210801100	1	0	0	0	0	0
1309114210801110	1	0	0	0	0	0
1309114210801110	1	0	0	0	0	0
1309114210801110	1	0	0	0	0	0
1309114210801110	1	0	0	0	0	0
1309114210801110	1	0	0	0	0	0
1309114210811110	0	0	0	1	0	0
1309124210901110	0	0	0	1	0	0
1309124210901110	0	0	0	1	0	0
1309124210901110	0	0	0	1	0	0
1309124210901110	0	0	0	1	0	0
1309124210911120	1	0	0	1	0	0
1309124210901120	0	0	1	1	0	0
1309124210901120	0	0	1	1	0	0
1309124210911120	1	0	0	1	0	0
1309124210901120	0	0	1	1	0	0
1309124210901120	0	0	1	1	0	0
1309134211001120	0	0	0	0	0	0
1309134211001120	0	0	0	0	0	0
1309134211011120	1	0	0	1	0	0
1309134211001120	0	0	0	0	0	0
1309134211001130	0	0	0	1	0	0
1309134211001130	0	0	0	1	0	0
1309134211001130	0	0	0	1	0	0
1309134211001130	0	0	0	1	0	0
1309134211001130	0	0	0	1	0	0
1309134211011130	2	0	0	0	0	0
1310155111111130	0	0	0	1	0	1
1310155111101130	1	1	0	2	1	0
1310155111101130	1	1	0	2	1	0
1310155111101130	1	1	0	2	1	0
1310155111101140	1	0	1	1	0	0
1310155111101140	1	0	1	1	0	0
1310155111101140	1	0	1	1	0	0
1310155111101140	1	0	1	1	0	0
1310155111111140	0	0	0	0	0	0
1310155111101140	1	0	1	1	0	0
1310165111211140	0	0	0	1	0	0
1310165111211140	0	0	0	1	0	0
1310165111201140	1	0	2	0	0	2
1310165111201140	1	0	2	0	0	2
1310165111201150	1	1	1	2	1	1
1310165111201150	1	1	1	2	1	1
1310165111201150	1	1	1	2	1	1
1310165111201150	1	1	1	2	1	1
1310165111201150	1	1	1	2	1	1
1310165111201150	1	1	1	2	1	1
1310165111301150	0	0	0	1	0	0
1310165111301150	0	0	0	1	0	0
1310165111301150	0	0	0	1	0	0
1310165111301150	0	0	0	1	0	0
1310165111301160	0	0	0	1	0	0
1310165111301160	0	0	0	1	0	0
1310165111311160	0	0	0	1	0	0
1310165111311160	0	0	0	1	0	0
1310165111301160	0	0	0	1	0	0
1310165111301160	0	0	0	1	0	0
1310255111401160	1	2	0	0	1	2
1310255111401160	1	2	0	0	1	2
1310255111401160	1	2	0	0	1	2
1310255111401160	1	2	0	0	1	2
1310255111401170	1	0	0	1	0	0
1310255111401170	1	0	0	1	0	0
1310255111411170	0	0	0	0	0	0
1310255111401170	1	0	0	1	0	0
1310255111401170	1	0	0	1	0	0
1310255111411170	0	0	0	0	0	0
1310255111501170	0	1	0	1	2	0
1310255111501170	0	1	0	1	2	0
1310255111511170	0	0	0	1	0	0
1310255111501170	0	1	0	1	2	0
1310255111501180	0	0	0	0	0	1
1310255111501180	0	0	0	0	0	1
1310255111501180	0	0	0	0	0	1
1310255111511180	0	0	0	0	0	0
1310255111501180	0	0	0	0	0	1
1310255111501180	0	0	0	0	0	1
1310255111611180	0	0	0	1	0	0
1310255111601180	1	0	0	1	0	1
1310255111601180	1	0	0	1	0	1
1310255111601180	1	0	0	1	0	1
1310255111601190	0	0	1	1	0	0
1310255111601190	0	0	1	1	0	0
1310255111601190	0	0	1	1	0	0
1310255111611190	0	0	0	1	0	0
1310255111601190	0	0	1	1	0	0
1310255111601190	0	0	1	1	0	0
1311046211711190	0	0	0	0	0	0
1311046211701190	0	0	0	0	0	0
1311046211701190	0	0	0	0	0	0
1311046211701190	0	0	0	0	0	0
1311046211711200	0	0	0	0	0	0
1311046211701200	0	0	0	0	0	0
1311046211701200	0	0	0	0	0	0
1311046211701200	0	0	0	0	0	0
1311046211711200	0	0	0	0	0	0
1311046211701200	0	0	0	0	0	0
1311046211701200	0	0	0	0	0	0
1311046211701200	0	0	0	0	0	0
1311046211701200	0	0	0	0	0	0
1311046211701200	0	0	0	0	0	0
1311046211701210	0	0	0	0	0	0
1311046211701210	0	0	0	0	0	0
1311046211701210	0	0	0	0	0	0
1311046211701210	0	0	0	0	0	0
1311046211711210	0	0	0	0	0	0
1311046211701210	0	0	0	0	0	0
1311046211801210	0	0	0	0	0	0
1311046211801210	0	0	0	0	0	0
1311046211801210	0	0	0	0	0	0
1311046211801210	0	0	0	0	0	0
1311046211801220	0	0	0	0	0	0
1311046211801220	0	0	0	0	0	0
1311046211811220	0	0	0	0	0	0
1311046211811220	0	0	0	0	0	0
1311046211801220	0	0	0	0	0	0
1311046211811220	0	0	0	0	0	0
1311046211801220	0	0	0	0	0	0
1311046211801220	0	0	0	0	0	0
1311046211801220	0	0	0	0	0	0
1311046211801220	0	0	0	0	0	0
1311046211801230	0	0	0	0	0	0
1311046211801230	0	0	0	0	0	0
1311046211811230	0	0	0	0	0	0
1311046211801230	0	0	0	0	0	0
1311046211801230	0	0	0	0	0	0
1311046211801230	0	0	0	0	0	0
1311046211901230	0	0	0	0	0	0
1311046211901230	0	0	0	0	0	0
1311046211901230	0	0	0	0	0	0
1311046211901230	0	0	0	0	0	0
1311046211911240	0	0	0	0	0	0
1311046211901240	0	0	0	0	0	0
1311046211901240	0	0	0	0	0	0
1311046211901240	0	0	0	0	0	0
1311046211901240	0	0	0	0	0	0
1311046211901240	0	0	0	0	0	0
1311046211901240	0	0	0	0	0	0
1311046211911240	0	0	0	0	0	0
1311046211901240	0	0	0	0	0	0
1311046211911240	0	0	0	0	0	0
1311046211901250	0	0	0	0	0	0
1311046211901250	0	0	0	0	0	0
1311046211901250	0	0	0	0	0	0
1311046211901250	0	0	0	0	0	0
1311046211901250	0	0	0	0	0	0
1311046211911250	0	0	0	0	0	0
1311054212001250	0	0	1	0	0	0
1311054212001250	0	0	1	0	0	0
1311054212001250	0	0	1	0	0	0
1311054212001250	0	0	1	0	0	0
1311054212001260	0	1	0	1	0	1
1311054212001260	0	1	0	1	0	1
1311054212011260	1	0	0	1	0	0
1311054212001260	0	1	0	1	0	1
1311054212011260	1	0	0	1	0	0
1311054212001260	0	1	0	1	0	1
1311056212101260	0	0	0	0	0	0
1311056212101260	0	0	0	0	0	0
1311056212101260	0	0	0	0	0	0
1311056212101260	0	0	0	0	0	0
1311056212101270	0	0	0	0	0	0
1311056212101270	0	0	0	0	0	0
1311056212111270	0	0	0	0	0	0
1311056212101270	0	0	0	0	0	0
1311056212101270	0	0	0	0	0	0
1311056212111270	0	0	0	0	0	0
1311056212101270	0	0	0	0	0	0
1311056212101270	0	0	0	0	0	0
1311056212101270	0	0	0	0	0	0
1311056212101270	0	0	0	0	0	0
1311056212101280	0	0	0	0	0	0
1311056212101280	0	0	0	0	0	0
1311056212101280	0	0	0	0	0	0
1311056212111280	0	0	0	0	0	0
1311056212101280	0	0	0	0	0	0
1311056212111280	0	0	0	0	0	0
1312034212201280	1	0	0	1	1	1
1312034212211280	0	0	0	0	0	0
1312034212201280	1	0	0	1	1	1
1312034212201280	1	0	0	1	1	1
1312034212211290	0	1	1	1	1	0
1312034212201290	1	0	0	0	0	1
1312034212201290	1	0	0	0	0	1
1312034212201290	1	0	0	0	0	1
1312034212201290	1	0	0	0	0	1
1312034212201290	1	0	0	0	0	1
1312035112301290	0	0	1	0	0	0
1312035112301290	0	0	1	0	0	0
1312035112301290	0	0	1	0	0	0
1312035112311290	0	0	0	1	0	1
1312035112301300	0	0	0	1	0	0
1312035112301300	0	0	0	1	0	0
1312035112301300	0	0	0	1	0	0
1312035112301300	0	0	0	1	0	0
1312035112301300	0	0	0	1	0	0
1312035112311300	0	0	0	2	0	0
1312095112401300	0	0	0	1	0	0
1312095112401300	0	0	0	1	0	0
1312095112401300	0	0	0	1	0	0
1312095112401300	0	0	0	1	0	0
1312095112401310	0	1	0	1	0	1
1312095112411310	0	0	2	1	0	0
1312095112401310	0	1	0	1	0	1
1312095112401310	0	1	0	1	0	1
1312095112411310	0	0	2	1	0	0
1312095112401310	0	1	0	1	0	1
1312094212511310	0	0	0	1	0	0
1312094212501310	1	0	1	0	0	1
1312094212501310	1	0	1	0	0	1
1312094212501310	1	0	1	0	0	1
1312094212501320	0	0	0	0	0	0
1312094212511320	0	0	1	0	0	0
1312094212501320	0	0	0	0	0	0
1312094212501320	0	0	0	0	0	0
1312094212501320	0	0	0	0	0	0
1312094212501320	0	0	0	0	0	0
1312094212601320	1	0	0	1	0	1
1312094212601320	1	0	0	1	0	1
1312094212601320	1	0	0	1	0	1
1312094212601320	1	0	0	1	0	1
1312094212601330	1	0	0	1	2	0
1312094212601330	1	0	0	1	2	0
1312094212601330	1	0	0	1	2	0
1312094212611330	1	0	0	1	0	1
1312094212601330	1	0	0	1	2	0
1312094212611330	1	0	0	1	0	1
1312095112701330	1	0	0	1	0	1
1312095112701330	1	0	0	1	0	1
1312095112701330	1	0	0	1	0	1
1312095112701330	1	0	0	1	0	1
1312095112701340	1	0	1	0	1	0
1312095112711340	0	0	0	1	0	0
1312095112701340	1	0	1	0	1	0
1312095112711340	0	0	0	1	0	0
1312095112701340	1	0	1	0	1	0
1312095112701340	1	0	1	0	1	0